image: /home/roverosong/Maps/b1_1.pgm
resolution: 0.050000
origin: [-1.003310, -7.912997, 0.000000]
negate: 0
occupied_thresh: 0.65
free_thresh: 0.196

