image: /home/roverosong/Maps/b1_2.pgm
resolution: 0.050000
origin: [-0.288057, -10.251454, 0.000000]
negate: 0
occupied_thresh: 0.65
free_thresh: 0.196

