image: /home/roverosong/Maps/map.pgm
resolution: 0.050000
origin: [-2.265619, -5.186618, 0.000000]
negate: 0
occupied_thresh: 0.65
free_thresh: 0.196

