image: /home/roverosong/Maps/map0127_1.pgm
resolution: 0.050000
origin: [-1.930239, -2.290059, 0.000000]
negate: 0
occupied_thresh: 0.65
free_thresh: 0.196

