image: /home/roverosong/Maps/testmap.pgm
resolution: 0.050000
origin: [-4.202719, -4.528657, 0.000000]
negate: 0
occupied_thresh: 0.65
free_thresh: 0.196

