image: /home/roverosong/Maps/0127_2.pgm
resolution: 0.050000
origin: [-23.998375, -6.366332, 0.000000]
negate: 0
occupied_thresh: 0.65
free_thresh: 0.196

