image: /home/roverosong/Maps/b210.pgm
resolution: 0.050000
origin: [-4.729375, -4.292224, 0.000000]
negate: 0
occupied_thresh: 0.65
free_thresh: 0.196

